100	7	asc
59.3301	63.1579	65.3333	65.7635	62.8916	63.2530	70.3704
55.8612	59.4498	61.5758	64.4089	57.8313	60.9639	59.2593
55.8612	63.9952	64.8485	63.4236	61.9277	65.7831	64.1975
58.7321	65.7895	66.5455	64.6552	62.8916	69.6386	71.9512
57.7751	64.8325	65.0909	63.9163	60.9639	64.5783	66.6667
58.6124	69.8565	67.3939	67.2414	62.8916	68.1928	74.0741
58.9713	64.9522	63.8788	66.0099	61.9277	65.3012	69.5122
53.2297	63.6364	63.2727	62.6847	59.1566	62.7711	62.9630
58.1340	64.5933	64.8485	64.2857	61.5663	66.5060	67.9012
55.7416	61.1244	63.0303	58.9901	58.6747	62.7711	64.1975
55.0239	61.2440	58.0606	60.7143	58.0723	60.9639	61.7284
58.9713	65.6699	66.0606	64.1626	61.9277	66.2651	67.9012
57.6555	65.5502	66.6667	68.7192	61.6867	67.8313	62.9630
57.8947	64.4737	65.0909	64.9015	60.2410	66.2651	73.1707
54.6651	62.5598	61.8182	62.5616	58.0723	62.8916	64.1975
60.4067	66.2679	68.6061	66.8719	67.8313	69.5181	61.7284
58.4928	65.4306	66.5455	65.1478	63.8554	65.5422	65.4321
55.2632	64.7129	61.3333	63.5468	58.9157	65.4217	60.4938
59.9282	61.4833	65.4545	63.5468	64.0964	63.6145	74.3902
56.6986	66.8660	65.8182	66.8719	59.8795	66.5060	55.5556
59.6890	65.6699	65.8182	67.4877	62.6506	65.0602	66.6667
57.5359	68.5407	68.6061	68.7192	65.5422	68.6747	79.0123
53.7081	58.6124	62.0606	59.7291	58.1928	61.9277	53.0864
62.2010	66.5072	64.6061	66.6256	64.3373	66.8675	64.1975
57.8947	65.9091	65.4545	66.3793	61.6867	67.4699	67.9012
58.3732	64.9522	67.3939	64.4089	64.0964	64.6988	66.6667
56.2201	67.4641	68.8485	64.9015	63.0120	67.7108	73.1707
58.3732	62.0813	64.8485	65.8867	60.1205	64.2169	67.9012
62.4402	68.8995	67.2727	66.7488	65.7831	69.2771	67.9012
55.1435	63.0383	62.9091	62.1921	60.3614	65.1807	54.8780
59.8086	67.1053	63.0303	64.6552	60.0000	63.3735	69.1358
60.7656	62.9187	66.9091	66.0099	63.8554	66.7470	65.8537
57.0574	67.4641	66.1818	63.6700	61.4458	66.7470	64.1975
53.4689	63.1579	63.2727	64.1626	59.1566	63.8554	59.2593
55.8612	62.4402	63.0303	62.3153	59.6386	62.7711	64.1975
60.7656	64.1148	67.6364	66.3793	64.5783	68.6747	61.7284
54.6651	64.2344	62.6667	64.6552	59.0361	62.4096	65.8537
59.8086	63.8756	64.7273	63.4236	63.0120	65.6627	69.1358
59.6890	68.5407	65.3333	66.1330	62.4096	67.5904	64.1975
58.6124	62.7990	66.7879	64.0394	64.8193	66.3855	74.0741
55.2632	62.6794	64.2424	66.5025	58.5542	64.0964	65.4321
55.0239	63.9952	61.5758	65.8867	57.5904	62.8916	62.9630
58.9713	67.9426	69.6970	66.7488	65.1807	69.8795	62.9630
59.0909	68.8995	67.7576	65.6404	64.2169	67.9518	66.6667
59.4498	66.7464	67.1515	63.6700	63.7349	66.6265	64.1975
50.7177	63.7560	64.7273	63.7931	58.9157	64.5783	63.4146
52.9904	60.6459	58.6667	60.2217	54.9398	60.1205	61.7284
52.1531	61.7225	60.4848	61.4532	55.0602	60.6024	66.6667
59.9282	66.3876	67.5152	65.1478	64.2169	66.8675	59.2593
60.8852	64.8325	68.3636	68.4729	66.2651	67.2289	67.0732
60.1675	66.3876	66.7879	65.5172	62.6506	67.5904	67.9012
53.2297	63.3971	62.7879	62.0690	59.1566	62.2892	60.4938
53.9474	61.7225	60.6061	58.2512	58.3133	61.5663	59.2593
50.0000	60.1675	60.6061	59.3596	58.0723	61.4458	59.2593
56.4593	65.4306	65.4545	61.6995	62.2892	66.8675	72.8395
61.1244	68.5407	63.2727	63.6700	62.6506	67.1084	60.4938
56.3397	64.3541	65.3333	66.9951	60.3614	65.7831	76.8293
60.6459	62.7990	65.8182	65.2709	61.8072	63.9759	68.2927
57.5359	66.8660	66.5455	65.3941	62.0482	68.4337	62.9630
56.2201	66.1483	63.5152	66.1330	60.6024	66.3855	65.4321
57.7751	65.1914	62.4242	62.5616	60.6024	63.1325	66.6667
59.8086	65.9091	64.0000	61.3300	60.6024	66.8675	74.0741
54.6651	65.3110	67.1515	63.4236	61.8072	66.8675	65.8537
57.7751	63.2775	62.5455	63.3005	58.6747	63.9759	74.0741
55.0239	65.7895	63.8788	67.2414	61.4458	64.4578	72.8395
55.1435	64.8325	62.4242	64.1626	58.9157	64.5783	60.4938
61.0048	63.7560	66.9091	64.2857	62.1687	67.2289	62.9630
56.8182	64.9522	64.3636	67.6108	61.2048	65.7831	59.2593
55.3828	66.1483	64.7273	64.2857	60.6024	65.1807	71.9512
55.0239	62.6794	61.3333	59.1133	59.2771	62.0482	71.6049
56.1005	62.0813	61.2121	61.2069	60.4819	62.7711	53.0864
57.1770	63.6364	61.6970	61.9458	59.8795	63.0120	77.7778
50.4785	63.6364	63.7576	63.1773	56.3855	64.4578	67.9012
57.4163	62.6794	62.5455	61.8227	60.0000	63.3735	67.9012
54.3062	65.4306	64.7273	63.1773	61.5663	66.7470	66.6667
54.6651	63.6364	62.3030	63.3005	59.0361	62.6506	64.6341
52.5120	63.1579	62.0606	60.7143	56.7470	61.0843	62.9630
58.6124	66.5072	63.2727	64.7783	60.4819	64.4578	67.9012
54.1866	66.2679	64.7273	64.0394	59.8795	66.1446	67.9012
61.6029	65.9091	67.5152	66.9951	65.1807	65.7831	69.5122
51.0766	61.0048	63.0303	63.1773	56.9880	63.1325	61.7284
55.3828	64.4737	64.7273	63.3005	61.8072	67.2289	54.3210
59.4498	63.7560	65.6970	61.9458	63.2530	64.2169	58.5366
54.7847	63.1579	65.8182	67.3645	60.4819	66.5060	75.3086
55.5024	64.7129	60.9697	62.1921	56.7470	65.1807	54.8780
58.6124	64.3541	67.1515	65.7635	62.0482	65.4217	65.4321
55.9809	62.9187	62.3030	59.9754	59.0361	63.8554	62.9630
60.6459	63.0383	63.8788	67.6108	61.9277	64.2169	58.0247
57.8947	64.7129	67.1515	62.0690	63.2530	64.0964	67.9012
57.1770	66.2679	63.8788	64.1626	62.2892	66.2651	55.5556
55.1435	60.5263	64.1212	61.9458	60.9639	63.3735	69.1358
54.4258	58.9713	59.6364	63.1773	55.7831	60.8434	64.1975
58.0144	61.0048	64.1212	64.4089	61.8072	63.0120	69.1358
59.2105	65.0718	65.2121	66.5025	62.2892	65.9036	60.4938
57.5359	67.3445	64.3636	65.6404	59.5181	67.2289	66.6667
53.7081	64.7129	64.3636	64.2857	57.8313	63.8554	58.5366
53.4689	65.3110	63.6364	64.2857	57.9518	65.6627	58.0247
61.6029	67.7033	67.5152	68.4729	63.0120	66.3855	65.4321
52.7512	59.8086	64.0000	60.3448	58.4337	62.8916	73.1707
57.7751	68.5407	64.7273	65.2709	60.9639	66.5060	69.1358
