100	7	asc
60.6459	81.4593	80.2424	65.1478	69.2771	65.0602	65.2709
56.8182	76.7943	79.7576	61.6995	68.9157	71.0843	62.1921
60.6459	78.5885	79.8788	64.2857	70.6024	69.8795	65.6404
60.1675	80.3828	77.8182	60.9606	66.3855	67.4699	63.3005
60.0478	79.0670	79.1515	63.7931	70.3614	66.2651	60.8374
57.5359	76.6746	77.4545	68.2266	66.2651	60.2410	66.3793
63.0383	81.5789	77.0909	64.7783	70.4819	68.6747	64.4089
59.3301	77.8708	79.5152	65.8867	68.6747	62.6506	66.5025
62.6794	82.2967	81.0909	69.3350	71.6867	73.4940	67.1182
60.8852	79.1866	79.8788	63.4236	67.8313	72.2892	62.9310
59.8086	78.2297	78.1818	61.4532	68.6747	65.0602	61.4532
53.3493	78.3493	80.0000	63.4236	67.3494	67.4699	62.9310
57.2967	79.6651	80.2424	65.6404	66.8675	66.2651	63.3005
66.5072	80.1435	80.2424	67.8571	72.7711	73.4940	65.5172
61.0048	79.3062	81.5758	64.5320	70.7229	68.6747	66.9951
58.6124	77.8708	80.1212	59.1133	69.1566	67.4699	58.6207
57.7751	79.0670	76.8485	60.4680	66.6265	60.2410	63.1773
58.8517	80.2632	78.4242	62.4384	66.6265	68.6747	63.0542
61.8421	79.1866	80.9697	64.4089	71.2048	65.0602	62.0690
52.0335	80.6220	80.1212	62.8079	66.0241	65.0602	63.9163
63.9952	78.8278	78.6667	63.3005	71.9277	68.6747	58.3744
63.3971	79.1866	80.9697	65.5172	72.2892	66.2651	63.5468
63.2775	79.5455	78.6667	65.1478	70.2410	68.6747	65.5172
56.1005	77.1531	78.3030	61.8227	66.2651	60.2410	62.4384
58.6124	79.6651	76.1212	63.5468	67.4699	66.2651	62.5616
58.7321	77.3923	79.0303	62.9310	66.0241	72.2892	60.8374
61.1244	79.3062	80.3636	64.9015	69.1566	62.6506	64.4089
59.3301	77.8708	82.5455	65.1478	70.1205	65.0602	66.2562
57.5359	79.4258	78.4242	62.4384	66.3855	66.2651	65.5172
60.6459	81.3397	80.9697	64.9015	70.3614	66.2651	67.3645
59.2105	78.5885	81.0909	63.5468	68.3133	69.8795	63.6700
58.0144	82.2967	78.4242	63.9163	66.2651	66.2651	64.2857
62.5598	80.5024	81.0909	64.6552	72.2892	71.0843	61.6995
61.4833	81.5789	80.4848	67.8571	70.3614	71.0843	65.7635
60.4067	78.7081	77.9394	63.3005	69.1566	63.8554	60.2217
61.4833	79.4258	76.7273	62.0690	68.4337	60.2410	62.9310
62.6794	81.6986	80.6061	65.8867	72.6506	68.6747	67.7340
57.2967	78.9474	77.9394	61.6995	66.2651	66.2651	62.6847
55.3828	78.1100	80.1212	64.2857	66.8675	63.8554	65.1478
59.9282	78.4689	79.6364	63.4236	70.6024	67.4699	64.0394
58.3732	77.3923	80.3636	65.2709	68.6747	72.2892	64.4089
59.3301	78.4689	78.5455	64.5320	69.6386	62.6506	63.3005
63.6364	78.8278	81.9394	68.2266	72.0482	66.2651	66.9951
58.6124	79.4258	79.2727	61.6995	67.1084	62.6506	66.9951
53.7081	77.7512	78.6667	60.4680	65.1807	62.6506	60.7143
60.1675	79.9043	83.5152	66.8719	70.9639	68.6747	66.3793
57.6555	77.8708	78.4242	64.7783	67.3494	66.2651	64.1626
64.4737	83.9713	78.7879	64.7783	70.7229	69.8795	67.2414
58.1340	79.1866	77.0909	61.9458	68.3133	66.2651	62.6847
60.2871	78.5885	78.4242	61.4532	68.7952	61.4458	63.4236
61.0048	78.8278	78.3030	62.6847	68.6747	67.4699	66.8719
60.1675	79.4258	78.4242	62.9310	68.6747	62.6506	66.1330
60.7656	77.7512	80.3636	62.9310	70.0000	69.8795	62.6847
55.5024	76.1962	77.4545	60.3448	65.5422	67.4699	62.1921
58.3732	79.6651	80.4848	65.6404	68.0723	66.2651	63.5468
55.0239	80.8612	80.3636	63.6700	66.0241	69.8795	63.6700
66.8660	80.9809	79.8788	66.3793	74.0964	73.4940	65.5172
62.9187	79.7847	81.6970	67.7340	72.1687	69.8795	68.9655
60.7656	82.1770	78.9091	63.3005	70.4819	61.4458	62.3153
58.9713	76.9139	77.5758	63.3005	67.9518	67.4699	63.6700
61.0048	79.6651	80.7273	65.0246	71.3253	75.9036	67.2414
57.2967	79.6651	76.2424	61.3300	65.9036	55.4217	63.3005
59.6890	79.1866	77.9394	63.1773	69.3976	66.2651	63.5468
61.9617	80.8612	81.8182	66.9951	69.5181	65.0602	67.6108
58.7321	73.4450	77.8182	60.8374	67.9518	56.6265	61.6995
59.5694	78.9474	77.5758	60.4680	69.6386	63.8554	62.3153
57.7751	76.1962	76.6061	59.8522	65.7831	49.3976	57.3892
60.1675	78.2297	77.9394	63.5468	67.2289	66.2651	62.9310
59.0909	75.7177	76.7273	60.2217	65.5422	63.8554	61.4532
61.8421	77.2727	77.2121	66.5025	68.5542	71.0843	63.5468
64.7129	81.4593	81.2121	68.2266	73.1325	77.1084	68.1034
55.3828	80.1435	79.5152	64.5320	66.3855	71.0843	66.8719
56.3397	78.8278	75.8788	62.1921	64.6988	63.8554	62.9310
55.3828	76.9139	77.6970	62.3153	65.7831	60.2410	63.5468
57.1770	76.9139	77.8182	63.3005	67.1084	67.4699	60.8374
59.9282	82.7751	79.1515	64.9015	68.0723	63.8554	66.1330
56.1005	77.7512	79.2727	61.2069	65.1807	63.8554	62.9310
61.7225	79.9043	80.0000	63.1773	70.1205	62.6506	65.3941
61.3636	82.0574	78.1818	63.4236	68.1928	59.0361	65.2709
61.8421	79.4258	78.1818	66.1330	68.5542	69.8795	62.8079
55.7416	79.9043	79.2727	62.9310	67.9518	69.8795	65.7635
58.7321	78.2297	76.0000	64.2857	65.5422	59.0361	61.8227
58.6124	81.1005	78.9091	65.8867	66.5060	65.0602	65.5172
61.1244	79.6651	80.7273	65.5172	68.7952	69.8795	65.6404
58.1340	81.2201	80.0000	62.9310	67.2289	67.4699	65.7635
58.0144	78.8278	80.0000	63.4236	68.9157	71.0843	63.7931
62.2010	80.6220	78.4242	67.7340	69.8795	63.8554	67.6108
59.4498	79.9043	79.1515	63.3005	67.9518	75.9036	66.1330
61.0048	79.5455	79.3939	62.8079	68.4337	60.2410	65.8867
63.6364	80.2632	79.5152	66.1330	71.9277	51.8072	66.3793
62.7990	81.1005	77.8182	66.7488	68.1928	60.2410	66.1330
61.7225	81.3397	79.2727	61.3300	70.3614	68.6747	62.4384
56.6986	78.5885	80.2424	63.7931	68.5542	63.8554	63.9163
60.6459	77.9904	78.3030	64.6552	69.2771	63.8554	61.3300
62.9187	80.8612	78.4242	66.8719	69.7590	71.0843	66.1330
66.6268	82.7751	83.7576	72.6601	73.4940	71.0843	71.7980
63.0383	80.3828	80.7273	61.9458	71.2048	69.8795	64.4089
63.0383	80.6220	78.7879	67.1182	70.2410	59.0361	64.5320
58.9713	76.7943	80.0000	65.7635	68.1928	66.2651	66.8719
57.6555	78.2297	78.9091	62.4384	67.7108	59.0361	63.0542
