Databases (in order): pos cod1 cod2 ncod rand ctrl

Euclidean:
             	pos          	cod1         	cod2         	ncod         	rand         	ctrl         
pos          	30.87 0.94	30.96 0.86	31.04 0.8	31.05 0.8	31.03 0.83	31.36 0.76
cod1         	30.96 0.86	30.94 0.95	30.99 0.84	31.02 0.82	31.01 0.84	31.39 0.76
cod2         	31.04 0.8	30.99 0.84	30.99 0.81	31.03 0.8	31.03 0.81	31.44 0.72
ncod         	31.05 0.8	31.02 0.82	31.03 0.8	31.04 0.8	31.03 0.82	31.45 0.72
rand         	31.03 0.83	31.01 0.84	31.03 0.81	31.03 0.82	31.02 0.84	31.42 0.74
ctrl         	31.36 0.76	31.39 0.76	31.44 0.72	31.45 0.72	31.42 0.74	31.68 0.69

